0.0078125
0.1171875
0.09765625
0.046875
0.0234375
0.03515625
0.04296875
0.05859375
0.08203125
0.044921875
0.01953125
0.05859375
0.1484375
0.16796875
0.048828125
0.369140625
0.35546875
0.0078125
0.0546875
0.06640625
0.0625
0.0859375
0.1171875
0.15234375
0.16796875
0.15625
0.16015625
0.16796875
0.15625
0.19140625
0.08203125
0.0859375
0.109375
0.111328125
0.109375
0.115234375
0.12109375
0.1015625
0.015625
0.01953125
0.16796875
0.15234375
0.1328125
0.16015625
0.1484375
0.140625
0.130859375
0.171875
0.00390625
0.0
0.0
0.015625
0.01171875
0.11328125
0.166015625
0.1015625
0.109375
0.1171875
0.06640625
0.0703125
0.0
0.076171875
0.1328125
0.095703125
0.05859375
0.078125
0.091796875
0.1796875
0.125
0.0859375
0.0
0.046875
0.0625
0.078125
0.07421875
0.0
0.12109375
0.234375
0.0546875
0.05859375
0.0546875
0.046875
0.03515625
0.0078125
0.00390625
0.05859375
0.05859375
0.08984375
0.0390625
0.05078125
0.109375
0.12109375
0.142578125
0.12109375
0.140625
0.09375
0.1171875
0.12109375
0.0703125
0.09765625
0.0546875
0.03515625
0.03515625
0.0
0.0703125
0.18359375
0.02734375
0.01171875
0.171875
0.1328125
0.0390625
0.00390625
0.0
0.0078125
0.001953125
0.0546875
0.00390625
0.07421875
0.12890625
0.12109375
0.12109375
0.14453125
0.15234375
0.15625
0.15234375
0.15625
0.15625
0.15625
0.15625
0.15625
0.15625
0.15625
0.15625
0.15625
0.15625
0.15625
0.15625
0.15234375
0.15234375
0.15625
0.15234375
0.15625
0.15234375
0.15234375
0.15234375
0.15625
0.1328125
0.125
0.140625
0.15234375
0.15625
0.125
0.1171875
0.15625
0.15234375
0.15625
0.15234375
0.15234375
0.15625
0.15234375
0.15234375
0.15234375
0.15234375
0.1484375
0.15234375
0.1484375
0.1171875
0.1171875
0.1171875
0.0859375
0.1015625
0.046875
0.04296875
0.046875
0.1015625
0.1328125
0.15625
0.109375
0.15625
0.12109375
0.109375
0.1328125
0.109375
0.05859375
0.07421875
0.068359375
0.04296875
0.0390625
0.0234375
0.0390625
0.0625
0.125
0.1328125
0.13671875
0.109375
0.109375
0.0
0.0625
0.16796875
0.015625
0.07421875
0.3125
0.26171875
0.234375
0.169921875
0.1328125
0.1328125
0.02734375
0.0234375
0.03515625
0.0234375
0.02734375
0.0
0.0
0.0
0.0390625
0.0
0.05078125
0.0390625
0.0
0.00390625
0.04296875
0.02734375
0.0390625
0.0
0.01953125
0.125
0.01953125
0.0078125
0.015625
0.0234375
0.0703125
0.04296875
0.0234375
0.00390625
0.0546875
0.0859375
0.078125
0.078125
0.078125
0.078125
0.078125
0.078125
0.08203125
0.08203125
0.078125
0.078125
0.08203125
0.078125
0.078125
0.078125
0.078125
0.078125
0.078125
0.078125
0.078125
0.078125
0.078125
0.078125
0.07421875
0.08203125
0.078125
0.078125
0.078125
0.078125
0.078125
0.078125
0.078125
0.078125
0.0859375
0.0859375
0.078125
0.0859375
0.08203125
0.078125
0.078125
0.078125
0.078125
0.078125
0.078125
0.078125
0.078125
0.078125
0.078125
0.078125
0.08203125
0.078125
0.078125
0.078125
0.078125
0.078125
0.08203125
0.078125
0.08203125
0.078125
0.08203125
0.0859375
0.078125
0.0546875
0.07421875
0.078125
0.05859375
0.1015625
0.0859375
0.09375
0.1015625
0.09375
0.109375
0.0703125
0.078125
0.08203125
0.0859375
0.0625
0.04296875
0.0546875
0.07421875
0.087890625
0.0859375
0.0625
0.0390625
0.02734375
0.02734375
0.05078125
0.078125
0.0859375
0.06640625
0.052734375
0.046875
0.03125
0.04296875
0.0
0.0078125
0.015625
0.0078125
0.02734375
0.0390625
0.0390625
0.0
0.00390625
0.0
0.0
0.0
0.0
0.0
0.0
0.0
0.01953125
0.09375
0.08984375
0.10546875
0.05859375
0.03515625
0.10546875
0.130859375
0.1171875
0.0
0.0
0.0
0.0
0.021484375
0.1171875
0.140625
0.189453125
0.0859375
0.1015625
0.068359375
0.0703125
0.0
0.0234375
0.0
0.0
0.03515625
0.0625
0.03515625
0.03125
0.0390625
0.03515625
0.0390625
0.0390625
0.0390625
0.0390625
0.0390625
0.0703125
0.1015625
0.09375
0.1015625
0.109375
0.078125
0.08203125
0.078125
0.0859375
0.078125
0.09375
0.078125
0.078125
0.078125
0.078125
0.08203125
0.078125
0.08203125
0.08203125
0.10546875
0.0859375
0.1171875
0.1328125
0.12109375
0.125
0.125
0.125
0.1328125
0.15625
0.15625
0.15625
0.16015625
0.13671875
0.15625
0.15625
0.15625
0.15625
0.15625
0.16015625
0.140625
0.16015625
0.15625
0.1484375
0.15234375
0.15234375
0.13671875
0.12890625
0.15625
0.15625
0.15625
0.15625
0.140625
0.078125
0.09375
0.08203125
0.078125
0.1171875
0.08203125
0.0546875
0.0390625
0.0390625
0.06640625
0.06640625
0.0859375
0.08203125
0.1171875
0.09375
0.078125
0.07421875
0.109375
0.0859375
0.03515625
0.0390625
0.0390625
0.0390625
0.0390625
0.0390625
0.0390625
0.0390625
0.0390625
0.05078125
0.09375
0.04296875
0.03515625
0.03515625
0.07421875
0.078125
0.046875
0.0625
0.0234375
0.0390625
0.04296875
0.0546875
0.0625
0.0390625
0.0390625
0.04296875
0.01171875
0.01171875
0.091796875
0.04296875
0.0
0.0546875
0.09375
0.140625
0.03125
0.0
0.015625
0.03515625
0.0
0.0
0.0
0.0
0.0
0.19921875
0.0546875
0.0234375
0.1796875
0.24609375
0.03515625
0.07421875
0.0625
0.0390625
0.03515625
0.03515625
0.03515625
0.046875
0.046875
0.0390625
0.0390625
0.03515625
0.0390625
0.0390625
0.0703125
0.078125
0.07421875
0.07421875
0.078125
0.07421875
0.078125
0.078125
0.078125
0.078125
0.078125
0.109375
0.1015625
0.0859375
0.078125
0.08203125
0.08203125
0.078125
0.078125
0.078125
0.078125
0.078125
0.078125
0.109375
0.1171875
0.1015625
0.0859375
0.109375
0.1015625
0.09375
0.078125
0.078125
0.078125
0.078125
0.0859375
0.1171875
0.109375
0.09765625
0.09375
0.08203125
0.0390625
0.0390625
0.0390625
0.0390625
0.0390625
0.0390625
0.0625
0.0703125
0.03515625
0.04296875
0.0390625
0.0390625
0.04296875
0.0390625
0.0390625
0.0390625
0.04296875
0.0390625
0.0390625
0.0390625
0.08203125
0.125
0.04296875
0.0390625
0.03515625
0.041015625
0.00390625
0.01953125
0.05859375
0.05078125
0.0390625
0.05078125
0.140625
0.1796875
0.109375
0.04296875
0.0390625
0.0703125
0.1328125
0.0703125
0.04296875
0.0625
0.23046875
0.125
0.02734375
0.0625
0.09375
0.08984375
0.025390625
0.02734375
0.11328125
0.16796875
0.0
0.0
0.00390625
0.0703125
0.1328125
0.189453125
0.16015625
0.201171875
0.1328125
0.1640625
0.0546875
0.0546875
0.0390625
0.0390625
0.0390625
0.0390625
0.0390625
0.0390625
0.0390625
0.0390625
0.0390625
0.0390625
0.0390625
0.0390625
0.0390625
0.0390625
0.0390625
0.0390625
0.0390625
0.0390625
0.0390625
0.0390625
0.0390625
0.0390625
0.0390625
0.0390625
0.0390625
0.0390625
0.0390625
0.046875
0.0546875
0.0703125
0.0859375
0.046875
0.0390625
0.0390625
0.0390625
0.0390625
0.0390625
0.0390625
0.0390625
0.0390625
0.0390625
0.0546875
0.0625
0.09375
0.0625
0.0390625
0.0390625
0.0546875
0.078125
0.046875
0.078125
0.078125
0.078125
0.07421875
0.078125
0.0859375
0.046875
0.03515625
0.03515625
0.0390625
0.0390625
0.0390625
0.05859375
0.0390625
0.0390625
0.0390625
0.0390625
0.0390625
0.0390625
0.0390625
0.04296875
0.04296875
0.04296875
0.04296875
0.0390625
0.0390625
0.0390625
0.0390625
0.0390625
0.0390625
0.0390625
0.04296875
0.0390625
0.0390625
0.0390625
0.0390625
0.04296875
0.0390625
0.0390625
0.0390625
0.0390625
0.0390625
0.0390625
0.0390625
0.0390625
0.0390625
0.0390625
0.0390625
0.0390625
0.0390625
0.0390625
0.04296875
0.0390625
0.0390625
0.0390625
0.04296875
0.04296875
0.0859375
0.08984375
0.0390625
0.04296875
0.05078125
0.0390625
0.0546875
0.08203125
0.046875
0.05078125
0.046875
0.0390625
0.0390625
0.04296875
0.05078125
0.04296875
0.046875
0.0
0.0
0.01171875
0.16796875
0.046875
0.03515625
0.03515625
0.03515625
0.0390625
0.05078125
0.0390625
0.0390625
0.0390625
0.0390625
0.0390625
0.0390625
0.04296875
0.0390625
0.0390625
0.0390625
0.0390625
0.04296875
0.0390625
0.0390625
0.0390625
0.0390625
0.0390625
0.0390625
0.0390625
0.0390625
0.0390625
0.0390625
0.0390625
0.0390625
0.0390625
0.04296875
0.0546875
0.0390625
0.0390625
0.0390625
0.0390625
0.046875
0.0625
0.0703125
0.0703125
0.046875
0.0546875
0.078125
0.0703125
0.078125
0.078125
0.0703125
0.08203125
0.08203125
0.078125
0.078125
0.078125
0.078125
0.08203125
0.0546875
0.0390625
0.0390625
0.04296875
0.0390625
0.0390625
0.0390625
0.04296875
0.0390625
0.0390625
0.04296875
0.0390625
0.0390625
0.0390625
0.0390625
0.0390625
0.04296875
0.0390625
0.0390625
0.03125
0.0390625
0.0390625
0.046875
0.06640625
0.04296875
0.0390625
0.0390625
0.04296875
0.0390625
0.0390625
0.0390625
0.04296875
0.06640625
0.0703125
0.0390625
0.0625
0.0546875
0.08203125
0.046875
0.0
0.0
0.0
0.01171875
0.0078125
0.0
0.09375
0.1171875
0.01953125
0.00390625
0.0
0.0234375
0.04296875
0.04296875
0.05078125
0.03515625
0.04296875
0.0625
0.0
0.0625
0.1484375
0.04296875
0.0390625
0.03515625
0.078125
0.0546875
0.08984375
0.11328125
0.0078125
0.02734375
0.03125
0.04296875
0.052734375
0.0234375
0.05859375
0.0546875
0.00390625
0.0
0.064453125
0.1015625
0.28515625
0.162109375
0.12121212121212122
